10|0 1|1 1|2 1|3 1|4 1|5 1|0 1|6 7|0 1|1 1|7 1|1 1|7 1|8 1|7 1|8 1|9 2|7 1|10 6|0 1|5 1|2 1|9 1|8 2|11 1|8 1|11 1|7 1|9 1|7 1|9 1|1 4|0 1|1 1|12 1|2 1|8 1|11 1|8 2|11 1|9 3|11 1|12 1|7 1|12 1|1 4|0 1|8 1|11 1|8 3|7 1|11 1|8 1|13 1|12 2|8 1|12 2|8 2|11 3|0 1|8 1|11 1|7 1|11 1|14 1|1 2|7 1|11 1|15 2|11 1|7 1|9 1|11 1|7 2|9 1|4 3|0 1|3 1|7 2|11 1|7 1|16 1|9 1|8 1|9 1|8 1|7 1|9 1|8 1|7 3|9 1|8 1|5 3|0 1|5 1|12 1|11 1|7 1|11 2|7 3|11 1|9 1|17 2|8 1|9 1|11 1|8 1|11 1|12 1|15 1|0
2|0 1|7 1|1 1|11 2|8 1|12 3|11 2|9 1|11 2|9 1|11 1|7 1|8 1|9 2|8 1|11 1|0
2|0 1|5 1|6 2|11 1|12 1|11 1|9 1|8 1|1 1|9 1|7 1|8 3|11 1|18 1|19 1|8 2|9 1|7 1|0
1|0 1|20 2|7 2|8 1|12 1|8 1|11 2|8 2|7 1|9 1|21 2|9 1|7 2|9 1|12 1|2 1|8 1|7
1|0 1|5 1|11 1|22 1|11 1|23 1|11 1|1 1|9 5|11 3|8 2|9 1|11 2|9 1|0 1|5 1|8 1|11 1|9 1|7 1|11 1|9 1|2 1|11 1|1 1|11 1|7 1|9 2|8 5|9 1|1 1|8 1|11
1|0 1|19 1|8 1|24 1|8 1|5 1|7 3|8 3|11 1|8 1|12 2|11 2|9 1|8 1|9 1|8 1|7 1|9
1|0 1|2 1|1 1|3 1|1 1|11 1|8 1|9 1|11 1|12 1|1 1|9 1|2 1|9 1|25 3|8 2|9 2|8 1|3 1|1
1|26 2|7 2|11 1|7 1|8 1|11 1|9 1|11 1|7 1|9 1|8 3|9 1|12 1|9 1|8 1|9 2|8 1|12 1|9
1|0 1|1 1|9 1|8 1|2 3|11 2|8 1|11 1|12 1|11 1|9 1|19 1|8 1|9 1|4 4|9 1|1 1|2
1|5 1|7 1|25 1|11 1|12 1|1 1|7 1|8 1|1 1|9 1|1 1|2 1|8 3|9 1|11 2|8 1|9 1|3 2|9 2|2
1|0 1|20 1|11 1|2 1|11 1|23 1|7 1|8 2|1 1|11 1|9 1|11 1|8 1|11 1|9 1|8 1|27 1|9 1|23 1|9 2|12 2|0
1|1 1|7 1|16 1|8 1|25 1|11 2|9 1|11 1|8 1|12 1|7 1|8 1|9 1|12 1|9 1|11 1|9 1|12 1|9 1|5 1|9 1|7 1|0
1|21 1|2 1|8 1|2 1|8 1|21 1|12 2|9 1|11 1|28 1|25 1|6 1|1 1|8 3|9 1|12 1|9 1|8 1|4 1|3 1|0
1|0 1|7 1|11 1|7 2|8 1|7 1|9 1|8 1|12 1|9 1|1 1|9 1|8 1|9 1|8 1|11 1|8 1|12 1|9 1|11 1|12 1|1 1|0
2|0 3|8 1|11 1|29 1|11 1|8 1|12 1|8 1|11 1|2 1|30 1|8 1|2 1|8 2|9 1|31 1|9 1|12 1|4 1|0
2|0 1|32 1|12 1|2 1|29 1|13 1|8 1|23 1|4 1|8 1|1 1|9 1|23 1|31 1|9 1|12 1|8 1|9 1|8 1|9 1|8 3|0 1|8 1|9 1|33 1|8 1|11 1|9 1|2 1|9 1|12 1|8 1|11 2|8 4|9 1|8 1|3 4|0 1|8 1|12 1|2 1|7 1|23 1|9 1|8 1|23 2|9 1|31 2|9 1|8 1|9 1|12 1|2 1|7 4|0 1|8 1|9 1|34 1|7 1|8 1|11 1|9 2|8 1|3 4|8 2|9 1|1 1|32 4|0 1|35 1|7 1|9 1|36 1|12 1|9 1|23 1|8 1|9 1|1 4|9 1|31 1|1 1|9 4|0 1|29 1|23 1|9 1|5 1|23 2|9 1|23 2|9 2|12 2|9 1|23 2|3 5|0 1|29 1|37 1|35 1|38 1|8 1|3 1|9 1|23 1|29 1|9 2|23 1|31 1|35 1|8 6|0 1|39 1|11 1|31 1|29 1|9 1|31 1|2 2|9 1|31 3|23 1|29 7|0 1|23 1|34 1|8 1|9 1|23 1|34 1|23 1|31 1|23 1|12 1|31 1|40 1|41 8|0 1|35 1|23 1|12 1|11 1|23 1|34 1|31 1|23 1|37 1|42 1|43 10|0 2|23 1|35 1|31 1|9 1|23 1|29 1|35 11|0 1|44 2|45 1|39 1|36 1|35 